{
 "cells": [
  {
   "source": [
    "# EC2 Fire design of concrete structures\n",
    "\n",
    "This notebook calculates the temperature inside a concrete cross section using Eurocode simplified formulas. It also draws a cross section with temperatures."
   ],
   "cell_type": "code",
   "metadata": {},
   "execution_count": null,
   "outputs": []
  },
  {
   "cell_type": "code",
   "execution_count": 21,
   "metadata": {},
   "outputs": [
    {
     "output_type": "execute_result",
     "data": {
      "text/plain": [
       "(892.0323158006117, 69.33113385894362)"
      ]
     },
     "metadata": {},
     "execution_count": 21
    }
   ],
   "source": [
    "import math\n",
    "\n",
    "x = 0.0\n",
    "h = 1.0\n",
    "rfi = 3600\n",
    "\n",
    "def theta_1(y, h, Rfi):\n",
    "    dRfi = 720\n",
    "    k = 3.3e6\n",
    "    theta1 = 345*math.log10(1.0+7.0*(Rfi-dRfi)/60)*math.exp(-y*math.sqrt(0.9*k/Rfi))\n",
    "    return theta1\n",
    "\n",
    "def theta_2(y, h, Rfi):\n",
    "    return theta_1(y, h, Rfi) + theta_1(h-y, h, Rfi) \n",
    "\n",
    "def theta_0(y, h, Rfi):\n",
    "    return 0.0\n",
    "\n",
    "def theta_d(y, z, Rfi):\n",
    "    ac = 0.04 if Rfi <= 3600 else 0.1\n",
    "    acy = max(ac-y, 0.0)\n",
    "    acz = max(ac-z, 0.0)\n",
    "    return (345*math.log10(1.0+8.0*Rfi/60)-theta_1(0, 1, Rfi))*acy*acz/ac/ac\n",
    "\n",
    "thetaq = 20+theta_1(x, h, rfi)\n",
    "thetaw = 20+theta_2(0.1, 0.6, rfi)\n",
    "thetaq, thetaw "
   ]
  },
  {
   "cell_type": "code",
   "execution_count": 22,
   "metadata": {},
   "outputs": [
    {
     "output_type": "execute_result",
     "data": {
      "text/plain": [
       "892.032344196043"
      ]
     },
     "metadata": {},
     "execution_count": 22
    }
   ],
   "source": [
    "zside = 2 # 0, 1, 2\n",
    "yside = 2 # 0, 1, 2\n",
    "\n",
    "def temp(Rfi, y, z, by, bz, yside=0, zside=1):\n",
    "    thz = theta_2 if zside == 2 else theta_1 if zside == 1 else theta_0\n",
    "    thy = theta_2 if yside == 2 else theta_1 if yside == 1 else theta_0\n",
    "\n",
    "    ac = 0.04 if Rfi <= 3600 else 0.1\n",
    "    if yside == 0 or zside == 0:\n",
    "        dtheta = 0.0\n",
    "    elif yside == 1 and zside == 1:\n",
    "        # left bottom corner \n",
    "        dtheta = theta_d(y, z, Rfi) if (y <= ac and z <= ac) else 0.0\n",
    "    elif yside == 1 and zside == 2:\n",
    "        # left bottom and top corners\n",
    "        if y <= ac:\n",
    "            if z <= ac:\n",
    "                dtheta = theta_d(y, z, Rfi) \n",
    "            elif z >= bz-ac:\n",
    "                dtheta = theta_d(y, bz-z, Rfi)\n",
    "            else:\n",
    "                dtheta = 0.0\n",
    "        else:\n",
    "            dtheta = 0.0\n",
    "    elif yside == 2 and zside == 1:\n",
    "        if z <= ac:\n",
    "            if y <= ac:\n",
    "                dtheta = theta_d(y, z, Rfi) \n",
    "            elif y >= by-ac:\n",
    "                dtheta = theta_d(by-y, z, Rfi)\n",
    "            else:\n",
    "                dtheta = 0.0\n",
    "        else:\n",
    "            dtheta = 0.0\n",
    "    elif yside == 2 and zside == 2:\n",
    "        if y <= ac:\n",
    "            if z <= ac:\n",
    "                dtheta = theta_d(y, z, Rfi) \n",
    "            elif z >= bz-ac:\n",
    "                dtheta = theta_d(y, bz-z, Rfi)\n",
    "            else:\n",
    "                dtheta = 0.0\n",
    "        elif y >= by-ac:\n",
    "            if z <= ac:\n",
    "                dtheta = theta_d(by-y, z, Rfi) \n",
    "            elif z >= bz-ac:\n",
    "                dtheta = theta_d(by-y, bz-z, Rfi)\n",
    "            else:\n",
    "                dtheta = 0.0\n",
    "        else:\n",
    "            dtheta = 0.0\n",
    "    else:\n",
    "        dtheta = 0.0   \n",
    "\n",
    "    tt = thy(y, by, Rfi) + thz(z, bz, Rfi) - thy(y, by, Rfi)*thz(z, bz, Rfi)/theta_1(0, bz, Rfi)           + dtheta\n",
    "    return tt+20\n",
    "\n",
    "th = temp(3600, 0.2, 0.0, 0.4, 0.6, yside, zside)\n",
    "th"
   ]
  },
  {
   "source": [
    "Temperatures can be calculated approximately by a simplified method. The temperature profile in a section can be visualised here for a rectangular cross section."
   ],
   "cell_type": "markdown",
   "metadata": {}
  },
  {
   "cell_type": "code",
   "execution_count": 59,
   "metadata": {
    "tags": []
   },
   "outputs": [],
   "source": [
    "import numpy as np\n",
    "import pandas as pd\n",
    "import plotly.express as px\n",
    "import ipywidgets as widgets\n",
    "\n",
    "wby = widgets.BoundedFloatText(value=0.3, step=0.01, min=0.05, max=1.0, description='By (m):', disabled=False)\n",
    "wbz = widgets.BoundedFloatText(value=0.3, step=0.01, min=0.05, max=1.0, description='Bz (m):', disabled=False)\n",
    "wyside = widgets.BoundedIntText(value=2, step=1, min=0, max=2, description='Sides Y:', disabled=False)\n",
    "wzside = widgets.BoundedIntText(value=2, step=1, min=0, max=2, description='Sides Z:', disabled=False)\n",
    "wrfi = widgets.BoundedFloatText(value=30, step=15, min=15, max=240, description='Rfi (m):', disabled=False)\n",
    "button = widgets.Button(\n",
    "    description='Draw',\n",
    "    disabled=False,\n",
    "    button_style='', # 'success', 'info', 'warning', 'danger' or ''\n",
    "    tooltip='Draw temperature diagram in cross section',\n",
    "    icon='calculator' # (FontAwesome names without the `fa-` prefix)\n",
    ")\n",
    "vbox = widgets.VBox([wby, wbz, wyside, wzside, wrfi])"
   ]
  },
  {
   "cell_type": "code",
   "execution_count": 60,
   "metadata": {},
   "outputs": [],
   "source": [
    "def calc_dataframe(by, bz, yside, zside, rfi):\n",
    "    ny = int(by/0.01+1)\n",
    "    nz = int(bz/0.01+1)\n",
    "    rfi *= 60\n",
    "\n",
    "    yy = np.linspace(0.0, by, num=ny)\n",
    "    zz = np.linspace(0.0, bz, num=nz)\n",
    "    df = pd.DataFrame(index=zz, columns=yy)\n",
    "\n",
    "    for i, y in enumerate(yy):\n",
    "        for j, z in enumerate(zz):\n",
    "            #print(i,j,y,z)\n",
    "            df.iloc[j][i] = temp(rfi, y, z, by, bz, yside, zside)\n",
    "    return df\n",
    "\n",
    "#@widgets.interact\n",
    "#def calc_dataframe(by=wby, bz=wbz, yside=wyside, zside=wzside, rfi=wrfi)"
   ]
  },
  {
   "cell_type": "code",
   "execution_count": 61,
   "metadata": {},
   "outputs": [
    {
     "output_type": "display_data",
     "data": {
      "text/plain": "VBox(children=(BoundedFloatText(value=0.3, description='By (m):', max=1.0, min=0.05, step=0.01), BoundedFloatT…",
      "application/vnd.jupyter.widget-view+json": {
       "version_major": 2,
       "version_minor": 0,
       "model_id": "69554cf33aa94f628ef91c813104c557"
      }
     },
     "metadata": {}
    }
   ],
   "source": [
    "vbox"
   ]
  },
  {
   "cell_type": "code",
   "execution_count": 63,
   "metadata": {},
   "outputs": [
    {
     "output_type": "display_data",
     "data": {
      "application/vnd.plotly.v1+json": {
       "config": {
        "plotlyServerURL": "https://plot.ly"
       },
       "data": [
        {
         "coloraxis": "coloraxis",
         "hovertemplate": "By (m): %{x}<br>Bz (m): %{y}<br>color: %{z}<extra></extra>",
         "name": "0",
         "type": "heatmap",
         "x": [
          0,
          0.01,
          0.02,
          0.03,
          0.04,
          0.05,
          0.06,
          0.07,
          0.08,
          0.09,
          0.1,
          0.11,
          0.12,
          0.13,
          0.14,
          0.15,
          0.16,
          0.17,
          0.18,
          0.19,
          0.2,
          0.21,
          0.22,
          0.23,
          0.24,
          0.25,
          0.26,
          0.27,
          0.28,
          0.29,
          0.3
         ],
         "xaxis": "x",
         "y": [
          0,
          0.01,
          0.02,
          0.03,
          0.04,
          0.05,
          0.06,
          0.07,
          0.08,
          0.09,
          0.1,
          0.11,
          0.12,
          0.13,
          0.14,
          0.15,
          0.16,
          0.17,
          0.18,
          0.19,
          0.2,
          0.21,
          0.22,
          0.23,
          0.24,
          0.25,
          0.26,
          0.27,
          0.28,
          0.29,
          0.3
         ],
         "yaxis": "y",
         "z": [
          [
           841.7958796694431,
           817.8012166313416,
           793.8061409946092,
           769.8107904907605,
           745.8152568711909,
           745.8155002450974,
           745.815662334744,
           745.8157702546921,
           745.8158420579267,
           745.8158897557838,
           745.8159213272214,
           745.8159420535494,
           745.8159554018944,
           745.8159636051842,
           745.8159680356754,
           745.8159694345064,
           745.8159680356754,
           745.8159636051842,
           745.8159554018944,
           745.8159420535494,
           745.8159213272214,
           745.8158897557838,
           745.8158420579267,
           745.8157702546921,
           745.815662334744,
           745.8155002450974,
           745.8152568711909,
           769.8107904907605,
           793.8061409946091,
           817.8012166313417,
           841.7958796694431
          ],
          [
           817.8012166313416,
           718.9231870300797,
           647.0457578010473,
           593.1557299134544,
           551.24885958622,
           535.3223850353806,
           524.7151812095206,
           517.6528616349784,
           512.9540325597845,
           509.83266791241704,
           507.7666218662679,
           506.41028362527504,
           505.5367632127738,
           504.999937029194,
           504.71000411148344,
           504.61846411441456,
           504.71000411148344,
           504.999937029194,
           505.5367632127738,
           506.41028362527504,
           507.7666218662679,
           509.83266791241704,
           512.9540325597845,
           517.6528616349785,
           524.7151812095206,
           535.3223850353806,
           551.2488595862201,
           593.1557299134544,
           647.0457578010477,
           718.9231870300797,
           817.8012166313416
          ],
          [
           793.8061409946092,
           647.0457578010473,
           545.273219436467,
           473.47091911361434,
           421.6347093759595,
           395.09834515115466,
           377.42484036946195,
           365.6577487947518,
           357.82865646352536,
           352.6279029071391,
           349.1854994919438,
           346.9255966201485,
           345.4701548806762,
           344.5757061382747,
           344.0926258758747,
           343.9401038161055,
           344.0926258758747,
           344.5757061382747,
           345.4701548806762,
           346.9255966201485,
           349.1854994919438,
           352.6279029071391,
           357.82865646352536,
           365.6577487947518,
           377.42484036946195,
           395.09834515115466,
           421.63470937595963,
           473.4709191136145,
           545.2732194364675,
           647.0457578010473,
           793.8061409946092
          ],
          [
           769.8107904907605,
           593.1557299134544,
           473.47091911361434,
           391.73884762853737,
           335.2907872367299,
           301.6865258230101,
           279.30572528269056,
           264.4044969906054,
           254.49014462862064,
           247.90418279238034,
           243.5449034549505,
           240.68308085445884,
           238.8399856862086,
           237.7073026590162,
           237.09555512329598,
           236.9024091774375,
           237.09555512329598,
           237.7073026590162,
           238.8399856862086,
           240.68308085445884,
           243.54490345495051,
           247.90418279238034,
           254.49014462862067,
           264.4044969906054,
           279.30572528269056,
           301.68652582301013,
           335.29078723672995,
           391.73884762853754,
           473.4709191136147,
           593.1557299134541,
           769.8107904907605
          ],
          [
           745.8152568711909,
           551.24885958622,
           421.6347093759595,
           335.2907872367299,
           277.77337265161157,
           239.4608797516699,
           213.94434626089313,
           196.9553341795909,
           185.65190007640956,
           178.14319119619518,
           173.1731412192611,
           169.91035389855946,
           167.80902604379298,
           166.51764487332406,
           165.8201865114132,
           165.59997924102413,
           165.8201865114132,
           166.51764487332406,
           167.80902604379298,
           169.91035389855946,
           173.17314121926114,
           178.14319119619518,
           185.6519000764096,
           196.95533417959092,
           213.94434626089313,
           239.46087975166995,
           277.77337265161174,
           335.29078723673007,
           421.63470937596,
           551.24885958622,
           745.8152568711909
          ],
          [
           745.8155002450974,
           535.3223850353806,
           395.09834515115466,
           301.6865258230101,
           239.4608797516699,
           198.01222214946728,
           170.4069691418784,
           152.02727908629726,
           139.79857418068315,
           131.67522119962206,
           126.29833538073846,
           122.7684644627127,
           120.49512717323762,
           119.09803677485273,
           118.34348621845498,
           118.10525333249508,
           118.34348621845498,
           119.09803677485274,
           120.49512717323762,
           122.7684644627127,
           126.29833538073845,
           131.67522119962206,
           139.7985741806832,
           152.0272790862973,
           170.4069691418784,
           198.0122221494673,
           239.46087975167003,
           301.68652582301024,
           395.0983451511551,
           535.3223850353805,
           745.8155002450974
          ],
          [
           745.815662334744,
           524.7151812095206,
           377.42484036946195,
           279.30572528269056,
           213.94434626089313,
           170.4069691418784,
           141.410606408207,
           122.104709822598,
           109.25976458305485,
           100.72705200158548,
           95.07920912403527,
           91.37145764956139,
           88.98356022136251,
           87.51606633705863,
           86.7234917633647,
           86.47325362301933,
           86.7234917633647,
           87.51606633705865,
           88.98356022136251,
           91.37145764956139,
           95.07920912403527,
           100.72705200158548,
           109.25976458305487,
           122.10470982259804,
           141.410606408207,
           170.40696914187842,
           213.9443462608932,
           279.30572528269084,
           377.42484036946246,
           524.7151812095206,
           745.815662334744
          ],
          [
           745.8157702546921,
           517.6528616349784,
           365.6577487947518,
           264.4044969906054,
           196.9553341795909,
           152.02727908629726,
           122.104709822598,
           102.18214115125636,
           88.92690058370987,
           80.12163471049158,
           74.2933875180345,
           70.4672024434943,
           68.00303040763691,
           66.48866159522905,
           65.67077047571755,
           65.41253918803233,
           65.67077047571755,
           66.48866159522905,
           68.00303040763691,
           70.4672024434943,
           74.29338751803454,
           80.12163471049158,
           88.9269005837099,
           102.1821411512564,
           122.104709822598,
           152.0272790862973,
           196.955334179591,
           264.4044969906056,
           365.6577487947523,
           517.6528616349783,
           745.8157702546921
          ],
          [
           745.8158420579267,
           512.9540325597845,
           357.82865646352536,
           254.49014462862064,
           185.65190007640956,
           139.79857418068315,
           109.25976458305485,
           88.92690058370987,
           75.39867497261085,
           66.41206905689062,
           60.46379203128491,
           56.55880859062748,
           54.043888165323544,
           52.49833168535859,
           51.66359650769944,
           51.40004707592198,
           51.66359650769944,
           52.4983316853586,
           54.043888165323544,
           56.55880859062748,
           60.46379203128492,
           66.41206905689062,
           75.39867497261086,
           88.92690058370991,
           109.25976458305485,
           139.7985741806832,
           185.6519000764097,
           254.4901446286209,
           357.8286564635259,
           512.9540325597843,
           745.8158420579267
          ],
          [
           745.8158897557838,
           509.83266791241704,
           352.6279029071391,
           247.90418279238034,
           178.14319119619518,
           131.67522119962206,
           100.72705200158548,
           80.12163471049158,
           66.41206905689062,
           57.30500155621812,
           51.276990436900114,
           47.319662373713825,
           44.7710305223941,
           43.20475652293893,
           42.35883207944802,
           42.09174988095497,
           42.35883207944802,
           43.204756522938936,
           44.7710305223941,
           47.319662373713825,
           51.27699043690012,
           57.30500155621812,
           66.41206905689064,
           80.1216347104916,
           100.72705200158548,
           131.6752211996221,
           178.14319119619532,
           247.9041827923806,
           352.6279029071396,
           509.8326679124169,
           745.8158897557838
          ],
          [
           745.8159213272214,
           507.7666218662679,
           349.1854994919438,
           243.5449034549505,
           173.1731412192611,
           126.29833538073846,
           95.07920912403527,
           74.2933875180345,
           60.46379203128491,
           51.276990436900114,
           45.19620294324964,
           41.20422772645247,
           38.63328212256022,
           37.05329509881458,
           36.19996442726553,
           35.93054387374855,
           36.19996442726553,
           37.05329509881459,
           38.63328212256022,
           41.20422772645247,
           45.196202943249645,
           51.276990436900114,
           60.46379203128493,
           74.29338751803456,
           95.07920912403527,
           126.29833538073851,
           173.17314121926125,
           243.54490345495074,
           349.1854994919443,
           507.76662186626777,
           745.8159213272214
          ],
          [
           745.8159420535494,
           506.41028362527504,
           346.9255966201485,
           240.68308085445884,
           169.91035389855946,
           122.7684644627127,
           91.37145764956139,
           70.4672024434943,
           56.55880859062748,
           47.319662373713825,
           41.20422772645247,
           37.18950700527917,
           34.60391264950135,
           33.01492316461527,
           32.156730379583564,
           31.885774719747975,
           32.156730379583564,
           33.014923164615276,
           34.60391264950135,
           37.18950700527917,
           41.20422772645249,
           47.319662373713825,
           56.5588085906275,
           70.46720244349434,
           91.37145764956139,
           122.76846446271276,
           169.9103538985596,
           240.6830808544591,
           346.925596620149,
           506.41028362527493,
           745.8159420535494
          ],
          [
           745.8159554018944,
           505.5367632127738,
           345.4701548806762,
           238.8399856862086,
           167.80902604379298,
           120.49512717323762,
           88.98356022136251,
           68.00303040763691,
           54.043888165323544,
           44.7710305223941,
           38.63328212256022,
           34.60391264950135,
           32.008884080779495,
           30.414096754815667,
           29.552772630383043,
           29.280828318407345,
           29.552772630383043,
           30.414096754815674,
           32.008884080779495,
           34.60391264950135,
           38.63328212256023,
           44.7710305223941,
           54.04388816532357,
           68.00303040763696,
           88.98356022136251,
           120.49512717323766,
           167.80902604379312,
           238.83998568620885,
           345.4701548806767,
           505.5367632127737,
           745.8159554018944
          ],
          [
           745.8159636051842,
           504.999937029194,
           344.5757061382747,
           237.7073026590162,
           166.51764487332406,
           119.09803677485273,
           87.51606633705863,
           66.48866159522905,
           52.49833168535859,
           43.20475652293893,
           37.05329509881458,
           33.01492316461527,
           30.414096754815667,
           28.81574633764731,
           27.9524978334795,
           27.6799459405616,
           27.9524978334795,
           28.81574633764732,
           30.414096754815667,
           33.01492316461527,
           37.05329509881459,
           43.20475652293893,
           52.49833168535862,
           66.48866159522909,
           87.51606633705863,
           119.09803677485277,
           166.5176448733242,
           237.70730265901645,
           344.5757061382752,
           504.99993702919386,
           745.8159636051842
          ],
          [
           745.8159680356754,
           504.71000411148344,
           344.0926258758747,
           237.09555512329598,
           165.8201865114132,
           118.34348621845498,
           86.7234917633647,
           65.67077047571755,
           51.66359650769944,
           42.35883207944802,
           36.19996442726553,
           32.156730379583564,
           29.552772630383043,
           27.9524978334795,
           27.088209996565872,
           26.815329956995093,
           27.088209996565872,
           27.952497833479505,
           29.552772630383043,
           32.156730379583564,
           36.19996442726554,
           42.35883207944802,
           51.66359650769947,
           65.6707704757176,
           86.7234917633647,
           118.34348621845501,
           165.82018651141334,
           237.09555512329624,
           344.0926258758752,
           504.71000411148333,
           745.8159680356754
          ],
          [
           745.8159694345064,
           504.61846411441456,
           343.9401038161055,
           236.9024091774375,
           165.59997924102413,
           118.10525333249508,
           86.47325362301933,
           65.41253918803233,
           51.40004707592198,
           42.09174988095497,
           35.93054387374855,
           31.885774719747975,
           29.280828318407345,
           27.6799459405616,
           26.815329956995093,
           26.54234631227358,
           26.815329956995093,
           27.679945940561602,
           29.280828318407345,
           31.885774719747975,
           35.930543873748555,
           42.09174988095497,
           51.400047075922004,
           65.41253918803237,
           86.47325362301933,
           118.10525333249512,
           165.59997924102427,
           236.90240917743776,
           343.940103816106,
           504.61846411441445,
           745.8159694345064
          ],
          [
           745.8159680356754,
           504.71000411148344,
           344.0926258758747,
           237.09555512329598,
           165.8201865114132,
           118.34348621845498,
           86.7234917633647,
           65.67077047571755,
           51.66359650769944,
           42.35883207944802,
           36.19996442726553,
           32.156730379583564,
           29.552772630383043,
           27.9524978334795,
           27.088209996565872,
           26.815329956995093,
           27.088209996565872,
           27.952497833479505,
           29.552772630383043,
           32.156730379583564,
           36.19996442726554,
           42.35883207944802,
           51.66359650769947,
           65.6707704757176,
           86.7234917633647,
           118.34348621845501,
           165.82018651141334,
           237.09555512329624,
           344.0926258758752,
           504.71000411148333,
           745.8159680356754
          ],
          [
           745.8159636051842,
           504.999937029194,
           344.5757061382747,
           237.7073026590162,
           166.51764487332406,
           119.09803677485274,
           87.51606633705865,
           66.48866159522905,
           52.4983316853586,
           43.204756522938936,
           37.05329509881459,
           33.014923164615276,
           30.414096754815674,
           28.81574633764732,
           27.952497833479505,
           27.679945940561602,
           27.952497833479505,
           28.81574633764732,
           30.414096754815674,
           33.014923164615276,
           37.053295098814594,
           43.204756522938936,
           52.49833168535862,
           66.48866159522909,
           87.51606633705865,
           119.09803677485279,
           166.5176448733242,
           237.70730265901645,
           344.5757061382752,
           504.99993702919386,
           745.8159636051842
          ],
          [
           745.8159554018944,
           505.5367632127738,
           345.4701548806762,
           238.8399856862086,
           167.80902604379298,
           120.49512717323762,
           88.98356022136251,
           68.00303040763691,
           54.043888165323544,
           44.7710305223941,
           38.63328212256022,
           34.60391264950135,
           32.008884080779495,
           30.414096754815667,
           29.552772630383043,
           29.280828318407345,
           29.552772630383043,
           30.414096754815674,
           32.008884080779495,
           34.60391264950135,
           38.63328212256023,
           44.7710305223941,
           54.04388816532357,
           68.00303040763696,
           88.98356022136251,
           120.49512717323766,
           167.80902604379312,
           238.83998568620885,
           345.4701548806767,
           505.5367632127737,
           745.8159554018944
          ],
          [
           745.8159420535494,
           506.41028362527504,
           346.9255966201485,
           240.68308085445884,
           169.91035389855946,
           122.7684644627127,
           91.37145764956139,
           70.4672024434943,
           56.55880859062748,
           47.319662373713825,
           41.20422772645247,
           37.18950700527917,
           34.60391264950135,
           33.01492316461527,
           32.156730379583564,
           31.885774719747975,
           32.156730379583564,
           33.014923164615276,
           34.60391264950135,
           37.18950700527917,
           41.20422772645249,
           47.319662373713825,
           56.5588085906275,
           70.46720244349434,
           91.37145764956139,
           122.76846446271276,
           169.9103538985596,
           240.6830808544591,
           346.925596620149,
           506.41028362527493,
           745.8159420535494
          ],
          [
           745.8159213272214,
           507.7666218662679,
           349.1854994919438,
           243.54490345495051,
           173.17314121926114,
           126.29833538073845,
           95.07920912403527,
           74.29338751803454,
           60.46379203128492,
           51.27699043690012,
           45.196202943249645,
           41.20422772645249,
           38.63328212256023,
           37.05329509881459,
           36.19996442726554,
           35.930543873748555,
           36.19996442726554,
           37.053295098814594,
           38.63328212256023,
           41.20422772645249,
           45.19620294324966,
           51.27699043690012,
           60.463792031284946,
           74.29338751803456,
           95.07920912403527,
           126.2983353807385,
           173.17314121926128,
           243.54490345495074,
           349.1854994919443,
           507.76662186626777,
           745.8159213272214
          ],
          [
           745.8158897557838,
           509.83266791241704,
           352.6279029071391,
           247.90418279238034,
           178.14319119619518,
           131.67522119962206,
           100.72705200158548,
           80.12163471049158,
           66.41206905689062,
           57.30500155621812,
           51.276990436900114,
           47.319662373713825,
           44.7710305223941,
           43.20475652293893,
           42.35883207944802,
           42.09174988095497,
           42.35883207944802,
           43.204756522938936,
           44.7710305223941,
           47.319662373713825,
           51.27699043690012,
           57.30500155621812,
           66.41206905689064,
           80.1216347104916,
           100.72705200158548,
           131.6752211996221,
           178.14319119619532,
           247.9041827923806,
           352.6279029071396,
           509.8326679124169,
           745.8158897557838
          ],
          [
           745.8158420579267,
           512.9540325597845,
           357.82865646352536,
           254.49014462862067,
           185.6519000764096,
           139.7985741806832,
           109.25976458305487,
           88.9269005837099,
           75.39867497261086,
           66.41206905689064,
           60.46379203128493,
           56.5588085906275,
           54.04388816532357,
           52.49833168535862,
           51.66359650769947,
           51.400047075922004,
           51.66359650769947,
           52.49833168535862,
           54.04388816532357,
           56.5588085906275,
           60.463792031284946,
           66.41206905689064,
           75.39867497261089,
           88.92690058370994,
           109.25976458305487,
           139.79857418068323,
           185.65190007640973,
           254.49014462862093,
           357.82865646352593,
           512.9540325597843,
           745.8158420579267
          ],
          [
           745.8157702546921,
           517.6528616349785,
           365.6577487947518,
           264.4044969906054,
           196.95533417959092,
           152.0272790862973,
           122.10470982259804,
           102.1821411512564,
           88.92690058370991,
           80.1216347104916,
           74.29338751803456,
           70.46720244349434,
           68.00303040763696,
           66.48866159522909,
           65.6707704757176,
           65.41253918803237,
           65.6707704757176,
           66.48866159522909,
           68.00303040763696,
           70.46720244349434,
           74.29338751803456,
           80.1216347104916,
           88.92690058370994,
           102.18214115125643,
           122.10470982259804,
           152.02727908629737,
           196.95533417959103,
           264.4044969906057,
           365.6577487947523,
           517.6528616349783,
           745.8157702546921
          ],
          [
           745.815662334744,
           524.7151812095206,
           377.42484036946195,
           279.30572528269056,
           213.94434626089313,
           170.4069691418784,
           141.410606408207,
           122.104709822598,
           109.25976458305485,
           100.72705200158548,
           95.07920912403527,
           91.37145764956139,
           88.98356022136251,
           87.51606633705863,
           86.7234917633647,
           86.47325362301933,
           86.7234917633647,
           87.51606633705865,
           88.98356022136251,
           91.37145764956139,
           95.07920912403527,
           100.72705200158548,
           109.25976458305487,
           122.10470982259804,
           141.410606408207,
           170.40696914187842,
           213.9443462608932,
           279.30572528269084,
           377.42484036946246,
           524.7151812095206,
           745.815662334744
          ],
          [
           745.8155002450974,
           535.3223850353806,
           395.09834515115466,
           301.68652582301013,
           239.46087975166995,
           198.0122221494673,
           170.40696914187842,
           152.0272790862973,
           139.7985741806832,
           131.6752211996221,
           126.29833538073851,
           122.76846446271276,
           120.49512717323766,
           119.09803677485277,
           118.34348621845501,
           118.10525333249512,
           118.34348621845501,
           119.09803677485279,
           120.49512717323766,
           122.76846446271276,
           126.2983353807385,
           131.6752211996221,
           139.79857418068323,
           152.02727908629737,
           170.40696914187842,
           198.01222214946736,
           239.46087975167006,
           301.6865258230103,
           395.0983451511552,
           535.3223850353805,
           745.8155002450974
          ],
          [
           745.8152568711909,
           551.2488595862201,
           421.63470937595963,
           335.29078723672995,
           277.77337265161174,
           239.46087975167003,
           213.9443462608932,
           196.955334179591,
           185.6519000764097,
           178.14319119619532,
           173.17314121926125,
           169.9103538985596,
           167.80902604379312,
           166.5176448733242,
           165.82018651141334,
           165.59997924102427,
           165.82018651141334,
           166.5176448733242,
           167.80902604379312,
           169.9103538985596,
           173.17314121926128,
           178.14319119619532,
           185.65190007640973,
           196.95533417959103,
           213.9443462608932,
           239.46087975167006,
           277.7733726516118,
           335.2907872367301,
           421.63470937596,
           551.2488595862201,
           745.8152568711909
          ],
          [
           769.8107904907605,
           593.1557299134544,
           473.4709191136145,
           391.73884762853754,
           335.29078723673007,
           301.68652582301024,
           279.30572528269084,
           264.4044969906056,
           254.4901446286209,
           247.9041827923806,
           243.54490345495074,
           240.6830808544591,
           238.83998568620885,
           237.70730265901645,
           237.09555512329624,
           236.90240917743776,
           237.09555512329624,
           237.70730265901645,
           238.83998568620885,
           240.6830808544591,
           243.54490345495074,
           247.9041827923806,
           254.49014462862093,
           264.4044969906057,
           279.30572528269084,
           301.6865258230103,
           335.2907872367301,
           391.7388476285378,
           473.4709191136148,
           593.1557299134543,
           769.8107904907605
          ],
          [
           793.8061409946091,
           647.0457578010477,
           545.2732194364675,
           473.4709191136147,
           421.63470937596,
           395.0983451511551,
           377.42484036946246,
           365.6577487947523,
           357.8286564635259,
           352.6279029071396,
           349.1854994919443,
           346.925596620149,
           345.4701548806767,
           344.5757061382752,
           344.0926258758752,
           343.940103816106,
           344.0926258758752,
           344.5757061382752,
           345.4701548806767,
           346.925596620149,
           349.1854994919443,
           352.6279029071396,
           357.82865646352593,
           365.6577487947523,
           377.42484036946246,
           395.0983451511552,
           421.63470937596,
           473.4709191136148,
           545.2732194364677,
           647.0457578010476,
           793.8061409946091
          ],
          [
           817.8012166313417,
           718.9231870300797,
           647.0457578010473,
           593.1557299134541,
           551.24885958622,
           535.3223850353805,
           524.7151812095206,
           517.6528616349783,
           512.9540325597843,
           509.8326679124169,
           507.76662186626777,
           506.41028362527493,
           505.5367632127737,
           504.99993702919386,
           504.71000411148333,
           504.61846411441445,
           504.71000411148333,
           504.99993702919386,
           505.5367632127737,
           506.41028362527493,
           507.76662186626777,
           509.8326679124169,
           512.9540325597843,
           517.6528616349783,
           524.7151812095206,
           535.3223850353805,
           551.2488595862201,
           593.1557299134543,
           647.0457578010476,
           718.9231870300796,
           817.8012166313417
          ],
          [
           841.7958796694431,
           817.8012166313416,
           793.8061409946092,
           769.8107904907605,
           745.8152568711909,
           745.8155002450974,
           745.815662334744,
           745.8157702546921,
           745.8158420579267,
           745.8158897557838,
           745.8159213272214,
           745.8159420535494,
           745.8159554018944,
           745.8159636051842,
           745.8159680356754,
           745.8159694345064,
           745.8159680356754,
           745.8159636051842,
           745.8159554018944,
           745.8159420535494,
           745.8159213272214,
           745.8158897557838,
           745.8158420579267,
           745.8157702546921,
           745.815662334744,
           745.8155002450974,
           745.8152568711909,
           769.8107904907605,
           793.8061409946091,
           817.8012166313417,
           841.7958796694431
          ]
         ]
        }
       ],
       "layout": {
        "coloraxis": {
         "colorscale": [
          [
           0,
           "rgb(5,48,97)"
          ],
          [
           0.1,
           "rgb(33,102,172)"
          ],
          [
           0.2,
           "rgb(67,147,195)"
          ],
          [
           0.3,
           "rgb(146,197,222)"
          ],
          [
           0.4,
           "rgb(209,229,240)"
          ],
          [
           0.5,
           "rgb(247,247,247)"
          ],
          [
           0.6,
           "rgb(253,219,199)"
          ],
          [
           0.7,
           "rgb(244,165,130)"
          ],
          [
           0.8,
           "rgb(214,96,77)"
          ],
          [
           0.9,
           "rgb(178,24,43)"
          ],
          [
           1,
           "rgb(103,0,31)"
          ]
         ]
        },
        "margin": {
         "t": 60
        },
        "template": {
         "data": {
          "bar": [
           {
            "error_x": {
             "color": "#2a3f5f"
            },
            "error_y": {
             "color": "#2a3f5f"
            },
            "marker": {
             "line": {
              "color": "#E5ECF6",
              "width": 0.5
             }
            },
            "type": "bar"
           }
          ],
          "barpolar": [
           {
            "marker": {
             "line": {
              "color": "#E5ECF6",
              "width": 0.5
             }
            },
            "type": "barpolar"
           }
          ],
          "carpet": [
           {
            "aaxis": {
             "endlinecolor": "#2a3f5f",
             "gridcolor": "white",
